"drug" "test.cindex" "train.cindex" "testindex.sd" "trainindex.sd" "genecount"
"10001" 0.539867069387941 0.769389271751505 0.180307295066581 0.0201822045705019 27
"10002" 0.588887405577626 0.752598462918148 0.123900002599615 0.0227737877093576 19
"10003" 0.589993587756926 0.705430139864633 0.170317581535962 0.0192325495109536 12
"10004" 0.550130335697848 0.859984093631559 0.152849002218488 0.031831866441826 49
"10006" 0.587987578163064 0.942627429400689 0.175369384221273 0.0190136572348579 69
"10008" 0.461665020874805 0.959692591579459 0.152770489449953 0.042008041016734 115
"10011" 0.504455701975882 0.977165584111764 0.151029312679054 0.00609762721448968 151
"10013" 0.568200943067918 0.900035109985461 0.186635067124523 0.0188009342497369 59
"10014" 0.420045196267607 0.94145216285169 0.165286953748009 0.0509781444521672 100
"10017" 0.58981672438965 0.73964621475017 0.113118241796393 0.0141264091128565 22
"10018" 0.482114010868386 0.958448261044034 0.193929379631622 0.056041168565148 96
"10020" 0.555095153495525 0.977963210360291 0.166340187301442 0.00613963622109641 146
"10023" 0.535644926402749 0.97802554787261 0.184516834580348 0.0224786588882551 73
"10027" 0.481956177905545 0.964419800727886 0.231705586251383 0.010163177671102 142
"10028" 0.570415002524136 0.806816862573205 0.229334363737378 0.0171683011665166 33
"10036" 0.581567549617144 0.933836904428494 0.157809073901895 0.0217898790839665 120
"10037" 0.557536172840061 0.7683014617172 0.123288070739583 0.0228793405336876 35
"10038" 0.573282163852956 0.8126929526914 0.117622883530939 0.019010736050728 38
"10041" 0.464195961987468 0.971050904931771 0.206339860952043 0.0591601678166521 78
"10042" 0.559623558828143 0.841102615650183 0.23352951262761 0.0143991096429976 41
"10045" 0.572073795639923 0.730982050652176 0.246463194463019 0.0236663901469299 27
"10047" 0.536747154918873 0.850930519966458 0.21140806402085 0.017028711437903 48
"10049" 0.59323739743827 0.976582143854672 0.143879983910708 0.0302249299529516 78
"10050" 0.54674815072166 0.696622260293333 0.118757690853366 0.0105284260195002 15
"10051" 0.415416992198555 0.784197629041688 0.126671062439679 0.0255301338600685 40
"10055" 0.64271716851452 0.78036718356036 0.126556414126292 0.0202351902109937 27
"10060" 0.585732178246793 0.941735977744334 0.212219226653898 0.0182410260704601 123
"10062" 0.4953046482648 0.642217548462044 0.227515721425203 0.0296343493200297 10
"10066" 0.483146784365972 0.953446309906634 0.168190708545653 0.0198444003888885 71
"10069" 0.47256482745245 0.947356466454384 0.163104907317202 0.0133083871184721 71
"10071" 0.563881903947674 0.953316087024424 0.109910007441027 0.0395495918904537 83
"10072" 0.514414359664092 0.974823630209164 0.183614640348044 0.00608677742851539 150
"10073" 0.629088027516019 0.751963064746961 0.193048588352924 0.0125384159607238 16
"10079" 0.570125912047565 0.68569184574547 0.185692524535696 0.0303126360874536 15
"10080" 0.46341949888625 0.592561475870089 0.236198513258296 0.0236174949553834 10
"10082" 0.546089845272873 0.689429477582488 0.188420825285503 0.0234344374085107 10
"10091" 0.553768946226749 0.677119985064849 0.208269826773075 0.0252360704504609 12
"10092" 0.576282084852553 0.674247499095556 0.173755197252964 0.0141300268659742 11
"10097" 0.627048964243741 0.957107481312871 0.117223284340482 0.0111716481268102 114
"10098" 0.447152735752252 0.980850100925413 0.176533465423358 0.00621396689909749 153
"10099" 0.5787837630082 0.921970497725093 0.152923557873646 0.0238400816541112 60
"10102" 0.56222608563215 0.697735174061601 0.16796415007882 0.0189052247749899 14
"10104" 0.542074673571589 0.694928403480916 0.13439531120654 0.0152849028914826 18
"10114" 0.408055413528577 0.957894249019985 0.13963824250421 0.0226828307711556 109
"10115" 0.581423998269588 0.837690934098214 0.130584398230037 0.0126595638293829 42
"10117" 0.572958279495793 0.649235420808296 0.162263173566235 0.0163892511509096 10
"10120" 0.539900306802915 0.974087923744647 0.223274399022971 0.0364377069988331 96
"10125" 0.509157507039695 0.97608384426248 0.13785852864116 0.00832701083332793 147
"10126" 0.648629264799772 0.828497138695834 0.169933009520266 0.0209890187873642 43
"10128" 0.503816593003371 0.956554435145301 0.137427805633717 0.025061404364862 66
"10129" 0.524213760121152 0.770566333999749 0.182543932938402 0.021616249276831 32
"10130" 0.655599907006204 0.81176369359382 0.166521175360723 0.01000684044809 26
"10133" 0.428089812192279 0.770784989079826 0.205586203783043 0.0201306512075809 36
"10135" 0.589573948073507 0.942348994314782 0.220565186786731 0.0554714212458923 108
"10136" 0.452009728709694 0.832585270754537 0.208153700270519 0.0193864000922704 40
"10138" 0.59191635626447 0.979416325331412 0.174998298970036 0.00528042389959387 150
"10143" 0.458205965889943 0.744227939763761 0.131243029373257 0.0155104184887905 30
"10150" 0.459672282086017 0.802519397169353 0.153164579963283 0.0209183737549993 35
"10152" 0.514385261804289 0.941260099122314 0.185101221721982 0.0335415148942363 69
"10158" 0.53080122311343 0.709095887672674 0.186322098225724 0.0256711105394676 23
"10160" 0.594880760249611 0.717478035997913 0.172116195613349 0.0197763628887174 10
"10165" 0.538727502871525 0.949282651537271 0.167175573216659 0.0378267621642511 70
"10166" 0.465063195726938 0.947711113801813 0.168094791361354 0.0132958701846088 120
"10168" 0.449766099937463 0.773568800081059 0.203396715236084 0.018171177504586 41
"10169" 0.628598152592405 0.935682768637502 0.0743383082609629 0.111081802083309 81
"10172" 0.579755017317741 0.692694244791226 0.199570971575468 0.0199541280814699 15
"10176" 0.459959929080561 0.958671671969967 0.132728679941067 0.0104450984891027 140
"10177" 0.537904793231078 0.805194782699713 0.197429277592682 0.0148932888764063 37
"10180" 0.439968399467391 0.967079667789 0.188739139405068 0.031092198642047 108
"10181" 0.556320169902934 0.722954180474695 0.151413700661975 0.0213441136296614 21
"10182" 0.496721267877099 0.919777003526447 0.117738598676674 0.0191179063165813 113
"10187" 0.491453517759018 0.935055553156823 0.100807155978248 0.0263504044324715 59
"10189" 0.553403745716894 0.99779869691651 0.139340759839802 0.00230891443149382 188
"10194" 0.42811079454158 0.605204249875604 0.115534235902412 0.0136092409595093 12
"10206" 0.492304563014421 0.90389761309568 0.166057047489359 0.0190688510132012 64
"10207" 0.558738064593581 0.971867022291242 0.138246517331596 0.00787990340612306 148
"10209" 0.535490547137008 0.877418500548058 0.155772010574318 0.0305864681263809 51
"10210" 0.570140846364389 0.95668605962312 0.163104043072133 0.0243117098515772 75
"10213" 0.494648848337503 0.989733326831658 0.151063910898894 0.0212279883046639 84
"10215" 0.593694832178237 0.775496352375823 0.220261575290385 0.0211400495606712 28
"10225" 0.668100351965552 0.705657977047308 0.136221369330538 0.0118356427008694 11
"10226" 0.543343142792747 0.779770985633065 0.201499115846675 0.0236527075503627 30
"10228" 0.559893820032284 0.976075127073963 0.135258784096888 0.0144763943694345 68
"10232" 0.536819034336239 0.951676758078785 0.190622810524371 0.0585994948116036 78
"10234" 0.461795348554983 0.627603786868137 0.159783437616177 0.0228499888986849 11
"10241" 0.566101687903159 0.75853619260588 0.223487742865868 0.0179463211919592 23
"10255" 0.58002027229653 0.947631241068459 0.166177628876214 0.0286802234568319 64
"10263" 0.556513185491459 0.684795284629321 0.220125768779626 0.0193716488112601 11
"10267" 0.605023148148148 0.760081774408452 0.193220964810457 0.0133971662319034 14
"10270" 0.622429393523144 0.684886230035232 0.189893483668674 0.0208784347428297 10
"10273" 0.551065728051015 0.707162367004312 0.155856024226363 0.017603530705423 18
"10279" 0.544185620566663 0.69505424783903 0.0730309558138653 0.011006568615525 13
"10281" 0.561277393346596 0.697694308791447 0.105854961318502 0.0144267791777763 13
"10282" 0.531600482524778 0.690096238463478 0.115005119425795 0.0185548551098809 13
"10284" 0.570429638698863 0.673935649444346 0.207274271436409 0.0216396561088911 14
"10285" 0.487305115597916 0.979238460957471 0.132743270195074 0.0067839192571214 159
"10289" 0.559372183805383 0.739557817952795 0.210494886405679 0.0204310451703292 19
"10304" 0.554030918444455 0.848386038530333 0.185361388313705 0.0164831081990414 48
"10310" 0.573798939007484 0.685467678116319 0.0917206000442481 0.0187089192475324 11
"10311" 0.542311931205215 0.690451336046606 0.171253051076326 0.0186554312127847 11
"10313" 0.58319830601245 0.686103242537117 0.116277317362943 0.0171315260187541 11
"10318" 0.562454383047947 0.821937377399945 0.184975666252506 0.0130817406968641 28
"10336" 0.520225256713016 0.703512316050007 0.179329037120559 0.018276275722992 13
"10337" 0.515609085786072 0.747790482343668 0.177842250274799 0.0189752044105226 23
"10340" 0.475777140900806 0.844358444052392 0.171292032491319 0.0150298307843662 47
"10342" 0.564950787123311 0.837130495280248 0.226812263164901 0.0175950418369562 38
"10343" 0.539333054525982 0.68603586851712 0.149689475595209 0.0220158161035382 16
"10344" 0.617431392431392 0.711409148755257 0.091221084292197 0.0195031388032272 12
"10346" 0.521572135711846 0.644478930411656 0.187941535245898 0.0277833370713328 11
"10351" 0.594534221775667 0.695270410199291 0.157184245680615 0.0200838003676642 10
"10352" 0.560440296127845 0.701663340967515 0.132126335282212 0.0167176505087013 13
"10354" 0.538967044869125 0.680035275483891 0.139764112576481 0.0177234551540197 10
"10364" 0.540937190914064 0.717474141171282 0.199893747586455 0.0198769944994198 17
"10378" 0.368898827623042 0.911644151272711 0.146599201103069 0.019726491376218 65
"10383" 0.558903784014049 0.659333886575043 0.170925990310157 0.0271368058836494 12
"10385" 0.46435982190398 0.913954758604257 0.181950659056954 0.0215362428660116 64
"10388" 0.580397929920956 0.724941762989095 0.15383532878596 0.0230676268118659 14
"10391" 0.525977723155886 0.969309899242469 0.102313530631676 0.00690133170244554 137
"10393" 0.576728551440093 0.82298962877059 0.155851294395298 0.0158890906091214 26
"10394" 0.487639620429826 0.792864367053193 0.174453214344096 0.0140373179505831 31
"10399" 0.545056065715697 0.726236334733947 0.089269880460359 0.0144497101886914 22
"10401" 0.558772376256769 0.690430365978181 0.120031171246616 0.0157768028220469 12
"10405" 0.537962448501937 0.961459789854565 0.16599045548358 0.0125286190592481 128
"10406" 0.582865077804887 0.707040854656804 0.172430442791938 0.0194261261054265 13
"10407" 0.491546314052678 0.642496010279911 0.123542187728425 0.0303827240863331 20
"10408" 0.532979658821014 0.970374491844568 0.173570893928414 0.00696944612151215 146
"10409" 0.51051670616888 0.721033088492052 0.142273740762728 0.0206647184783766 18
"10410" 0.427178055973122 0.659546528666452 0.154663466843926 0.0281815415642393 14
"10411" 0.579177281235856 0.645811320284545 0.197270111854403 0.0233966155208279 9
"10415" 0.483377501791175 0.632341280781191 0.177364683975636 0.0277130808951419 12
"10422" 0.555170756449261 0.733242612337059 0.201948026495987 0.0288712712692172 23
"10426" 0.606240643913383 0.967383251911111 0.162192745056601 0.0363060644760116 81
"10434" 0.561301254651317 0.658944699669672 0.16107917956943 0.0252708779388141 13
"10440" 0.623706402859424 0.674304626727308 0.158631676191358 0.0227188354132496 11
"10441" 0.485504423996024 0.953158294294612 0.14015011442447 0.0360455863985917 103
"10453" 0.505986746764579 0.76607588382203 0.162197135225433 0.0272756583030757 30
"10454" 0.506961138630768 0.701061364544447 0.136406402355507 0.0270939427920761 26
"10467" 0.538711943695324 0.665850980498272 0.131289060550011 0.0105053342113599 14
"10469" 0.53614413859482 0.691247903333052 0.174213244811674 0.0260961633725312 19
"10470" 0.491832218971701 0.58232603247451 0.123166761498308 0.0185594598249177 8
"10475" 0.501843576904626 0.574673016042753 0.176712942381253 0.0178125260634752 8
"10503" 0.417530292803881 0.611006116536596 0.0994746217549431 0.0175021339733899 11
"10509" 0.500798760433968 0.687342045254622 0.160900621492287 0.0260946558158181 16
"10510" 0.497216980697545 0.700359484352661 0.156209974935242 0.0204978650471858 20
"10517" 0.484349404040909 0.637104922216708 0.141310856443145 0.0187384082777668 13
