"drug" "test.cindex" "train.cindex" "testindex.sd" "trainindex.sd" "genecount"
"10001" 0.505779001886232 0.733627519065876 0.221347801672728 0.0198712167618507 27
"10002" 0.469513490244019 0.719131604364416 0.151191293685578 0.0256034426378534 19
"10003" 0.568918907845047 0.692058682231238 0.182468675365667 0.0258647235702564 12
"10004" 0.596306694188776 0.890503499481519 0.210689713863719 0.0159449300252749 49
"10006" 0.52541078684705 0.915653943682708 0.210766216697775 0.0173722126967442 69
"10008" 0.55881766851556 0.986161062112389 0.20120444370822 0.0208762714265707 115
"10011" 0.676235157504506 0.979357860026923 0.184784073887313 0.00638602607010745 151
"10013" 0.542936971910212 0.887027625076508 0.197556971808001 0.0218598176461024 59
"10014" 0.468107600559216 0.992846095255382 0.208419146562107 0.0108730687560904 100
"10017" 0.490727384811827 0.707994126325682 0.221183524214121 0.0223391027312325 22
"10020" 0.4200848375645 0.981551523804749 0.244135817754193 0.0306964025784191 146
"10021" 0.594748581483876 0.985550093750143 0.181971314622757 0.00349326370878418 218
"10023" 0.540777411059198 0.946986081994542 0.149249206237361 0.016615055642453 73
"10027" 0.53443331948854 0.988900308121934 0.257507184409252 0.0177576833353595 142
"10028" 0.620646326728526 0.815339390620708 0.214012853197945 0.0201389692700226 33
"10037" 0.495636077141467 0.792477526029368 0.108849947479118 0.00900340315638484 35
"10038" 0.520201621268798 0.796584995103315 0.238771316234023 0.0278221466322279 38
"10041" 0.655724941793113 0.990136593747979 0.144720169130593 0.00656518590785058 78
"10042" 0.551247737135577 0.850446156195181 0.192870866672039 0.0166180978346734 41
"10045" 0.55388182959 0.777463164641827 0.190633249301325 0.0200887922192426 27
"10047" 0.596305239906404 0.8546452287112 0.233777615039285 0.0126751175044606 48
"10049" 0.418570337328653 0.919965195918688 0.141140664466277 0.0193476534528669 78
"10050" 0.551864358306643 0.694912898895415 0.109344193364842 0.015111668247153 15
"10051" 0.506154413943463 0.840170981096015 0.120201458263994 0.0172962058915721 40
"10055" 0.453530780433301 0.759347283449787 0.14863239010978 0.0134950023900812 27
"10060" 0.506734055849883 0.964663533541298 0.0764662011482498 0.0302342395476103 123
"10062" 0.471203136638119 0.629655255155565 0.11022430638822 0.0191365323665805 10
"10066" 0.524144514804889 0.938994880432971 0.22548020023818 0.0221984278548974 71
"10067" 0.480576367552556 0.910224887782968 0.181034392806026 0.0208189971514796 74
"10069" 0.617656049622559 0.974470957082588 0.207287848665586 0.0215184862758788 71
"10072" 0.478990762038854 0.971401255551326 0.201370091569039 0.030327417153273 150
"10073" 0.410198535081822 0.678269293990975 0.112351874997009 0.0181222541588916 16
"10079" 0.575961158046999 0.752610159041403 0.12960422478435 0.0158935203118234 15
"10080" 0.615589416542406 0.746086456341101 0.129347301213188 0.0186484952094638 10
"10082" 0.569494412340937 0.670706769397019 0.203888760221819 0.0277529914328404 10
"10091" 0.661031793527352 0.726787153548066 0.149677969341811 0.0167178442775255 12
"10092" 0.588380222413353 0.721924337863551 0.183493623451572 0.0159931617966812 11
"10096" 0.464635762070382 0.917085832588959 0.247211671559046 0.0210005423092034 71
"10097" 0.629908113463911 0.973359812107707 0.165154476652556 0.0307872897140113 114
"10098" 0.577796879566187 0.964235797935596 0.120667308890814 0.0100633413359977 153
"10099" 0.427693346080443 0.876842786792627 0.214969150768224 0.0217697490304711 60
"10102" 0.394937106275207 0.659040743057109 0.144208666180465 0.0206217790895846 14
"10104" 0.610831109705759 0.782423575776579 0.217543731827512 0.0210420674000225 18
"10115" 0.459365731351682 0.870984341099108 0.202983517132815 0.0138014686542245 42
"10117" 0.5043713415101 0.602742944329291 0.209977432465244 0.0231760668173104 10
"10125" 0.56811428734997 0.97769922744554 0.164366086444391 0.023170592275304 147
"10126" 0.588454119658415 0.846137755302827 0.216981603619209 0.0161307674743705 43
"10127" 0.526888231542774 0.974369133630432 0.0950996422903158 0.00945007483499694 163
"10128" 0.587760667624753 0.97181253500493 0.195245825710348 0.014797371868852 66
"10129" 0.498115468261064 0.762473703817986 0.14032955985077 0.0205059232429004 32
"10130" 0.475360579215431 0.745030767221495 0.201521078797657 0.0282097466621664 26
"10132" 0.596776986078108 0.993173947876342 0.208091084894496 0.00839405633254492 96
"10133" 0.554290506577316 0.813697114500741 0.174243146746035 0.0162276907017375 36
"10135" 0.509957735381323 0.965155904957757 0.164224890183055 0.0466206444506264 108
"10136" 0.489158402614758 0.83836365615516 0.144304463129614 0.0096171348872172 40
"10138" 0.537130135384304 0.955144620141331 0.18400922449919 0.0441077541869669 150
"10141" 0.585790612207107 0.995672730649966 0.18203399512465 0.00280933227353262 262
"10143" 0.400557892048281 0.79046008799541 0.176441598453158 0.0164832550906515 30
"10150" 0.496240179285757 0.807205980203063 0.14640340395115 0.0201025556205308 35
"10151" 0.575500597508982 0.987854347841235 0.266091829376305 0.00275269887248248 215
"10152" 0.545550420486237 0.916988966812434 0.161313655621899 0.0200264901393729 69
"10157" 0.549961013866514 0.961382097600898 0.210805038871526 0.0213011350405814 189
"10158" 0.663620655366755 0.793901768449493 0.216166259653434 0.0123279981521005 23
"10160" 0.494371401925806 0.667462493152684 0.127623102017895 0.0170615116398595 10
"10165" 0.506496815793738 0.919562222956296 0.188049923651891 0.0189686760408149 70
"10166" 0.585985704018706 0.960070981940759 0.187831256482172 0.0384706522468217 120
"10167" 0.570570510214604 0.98529990876541 0.194115175519516 0.0134860846357028 78
"10168" 0.527799098912589 0.81282295797629 0.104367270428815 0.012914357094082 41
"10172" 0.655954577135147 0.749231121987931 0.128890816762837 0.013772480019043 15
"10175" 0.568854483793868 0.996063418938892 0.184383143927112 0.00280556657379578 265
"10176" 0.446459527172873 0.960915527779555 0.220776448656511 0.030717113225143 140
"10177" 0.613526374405948 0.838047268559133 0.177808781939086 0.0200119647556083 37
"10180" 0.492867645553816 0.980259771230509 0.174576091144411 0.0361027097984155 108
"10181" 0.36823433452831 0.677276619854859 0.136707653075706 0.0295309713698206 21
"10182" 0.568869071277329 0.974129587747605 0.227240251714597 0.0345452691256097 113
"10187" 0.454686963516311 0.844382330948661 0.200561499418523 0.0293483784755465 59
"10189" 0.470669429641821 0.980078918240546 0.203238874431336 0.00339114252453369 188
"10192" 0.638911466288022 0.997417926783164 0.219493268666955 0.00146144170148273 269
"10194" 0.523592082308805 0.678860930023291 0.232104556306125 0.0224184111431899 12
"10198" 0.468496670734445 0.997007699084548 0.195206959785718 0.00619524451483624 110
"10206" 0.478954145559443 0.881191290260694 0.205077158249228 0.0196913252124626 64
"10207" 0.559254363124671 0.98810466425823 0.191064553922334 0.0168391407283908 148
"10209" 0.503244749727836 0.842334508851204 0.212128687913808 0.0115819289865708 51
"10210" 0.671175200887106 0.974837709353225 0.126187728960635 0.0212685066247495 75
"10215" 0.414962486687839 0.739999057279329 0.190737684336396 0.0112142762792562 28
"10220" 0.506028980318892 0.980238818505258 0.118830824180679 0.00515791095026677 205
"10225" 0.422996667100464 0.633706508330242 0.1781148651334 0.0255479041680238 11
"10226" 0.519899449958164 0.746683462140463 0.179110591279333 0.0273048932463713 30
"10228" 0.578336999193689 0.932887273339704 0.223323671256361 0.0136097566602402 68
"10232" 0.51351482043582 0.960033453415313 0.265074505474056 0.0257848420679249 78
"10234" 0.585325857737695 0.717634657073495 0.144561043101529 0.0213841006322803 11
"10241" 0.566982805649656 0.760769245392404 0.181388074535811 0.0100389598655721 23
"10255" 0.601694749440483 0.950419401969437 0.179294503026322 0.0173361890854451 64
"10263" 0.484054221804159 0.618586867766521 0.215906724085144 0.0181261372822217 11
"10267" 0.454199857969114 0.659750165028752 0.189906988353101 0.0222233077055392 14
"10270" 0.394619503175222 0.61708710256655 0.136443666938513 0.0172858868795537 10
"10273" 0.537859299848565 0.702437269218462 0.218851392218749 0.0176682953761118 18
"10279" 0.491357204985772 0.638328419391735 0.206654392937092 0.0274701943581526 13
"10281" 0.506943945931696 0.64348503240347 0.166243924082818 0.0195756440836647 13
"10282" 0.397145630210702 0.630267014154158 0.179965496511974 0.0336539485136499 13
"10284" 0.400851147725592 0.668319482555869 0.158439964701447 0.016187134949326 14
"10285" 0.46618211865407 0.972906151568365 0.197772739630749 0.0146159314116415 159
"10289" 0.540198523912843 0.718833200653163 0.0873368890544185 0.0140416936655275 19
"10304" 0.581679979191375 0.86333319762669 0.20399093994566 0.0200521406500997 48
"10310" 0.370733555917766 0.617322580504722 0.184630499096109 0.0166060882700148 11
"10311" 0.493520342675677 0.636781122649371 0.28052106430068 0.0344895789162188 11
"10313" 0.450458118880329 0.61929029779394 0.151247182692365 0.0236119677102915 11
"10318" 0.46628602399783 0.729903306848138 0.225474115447614 0.0206679552342068 28
"10336" 0.568025112669895 0.742187913230757 0.238919950959998 0.022737631548931 13
"10337" 0.49372169972308 0.681044726470486 0.152738714439405 0.0258087150932649 23
"10340" 0.689979449179118 0.890312848663913 0.100641682994732 0.0100187264012597 47
"10342" 0.614161648021702 0.850081991929249 0.122884552710417 0.0159798850551858 38
"10343" 0.687255496011194 0.795206383346277 0.163496428112185 0.0238299730574745 16
"10344" 0.557756040065842 0.659432210097813 0.219155876897312 0.0231765311648374 12
"10346" 0.538937264211675 0.684718872445128 0.235869220380565 0.0285949393782943 11
"10351" 0.59884189198329 0.686969276336094 0.0859632114395141 0.0125430523911283 10
"10352" 0.451217233584009 0.650522385403357 0.145106528070029 0.0171824903160901 13
"10354" 0.536051353165049 0.651099844824656 0.092292347628418 0.0161874858278629 10
"10364" 0.58202263448115 0.743361544055277 0.161935573078985 0.0208360764036545 17
"10378" 0.660806884431297 0.948690805158083 0.182442607174165 0.0182854924265937 65
"10383" 0.575454576927127 0.690844519125641 0.105980640945983 0.0220556399156209 12
"10385" 0.490014431064684 0.910716153688168 0.222573891281867 0.0184220161801221 64
"10388" 0.509097531557443 0.699802470315871 0.175426337139161 0.0194154089421816 14
"10391" 0.5951203847016 0.98838046004361 0.169750841025385 0.0169196297189821 137
"10393" 0.602135624893957 0.799727577027531 0.209483032684693 0.0214171987119593 26
"10394" 0.535696604016772 0.773681617720758 0.16193701611635 0.0204508200965248 31
"10399" 0.578213020280975 0.764851770252381 0.12400789987173 0.0215643296458572 22
"10401" 0.457986206645597 0.637838545768072 0.126986259467114 0.0161024653031455 12
"10405" 0.549903649570057 0.9843249975658 0.189531941935008 0.0226169181354059 128
"10406" 0.725917695819651 0.743112942573277 0.13195427666373 0.0118663230493176 13
"10407" 0.557910152586877 0.761772933026264 0.217094186260719 0.0111003678749823 20
"10408" 0.639582328365112 0.976607248717244 0.157356947714949 0.0195841064005721 146
"10409" 0.391470736620146 0.633240042803307 0.129779545617514 0.0222784181511921 18
"10410" 0.530124367912377 0.726464326663549 0.187139123769765 0.0188348542723732 14
"10411" 0.575725346574654 0.686856214333695 0.143984710813512 0.022675085429258 9
"10415" 0.500455919847498 0.677163548512395 0.182734844611972 0.0193248485629235 12
"10422" 0.526153818141977 0.720631607514095 0.168591550215001 0.0238104118554395 23
"10426" 0.443692511050933 0.949260281439965 0.215145200440585 0.0173853459778199 81
"10434" 0.472393553241581 0.680631117572226 0.118239161338684 0.0179801482792712 13
"10440" 0.466926460725246 0.629340849336028 0.186651245549285 0.022487363760852 11
"10441" 0.493809094715841 0.990149493796668 0.239381956461037 0.01010249453865 103
"10443" 0.505505123055704 0.965126648034257 0.140366545426424 0.0114408664428921 190
"10444" 0.550227123163474 0.977550499674293 0.23740975849002 0.00447135537369319 181
"10453" 0.505962671214062 0.748638188371911 0.170746333025567 0.0194579689973605 30
"10454" 0.601504542263556 0.778199637900095 0.124820359798039 0.0243520389959187 26
"10467" 0.56062719776889 0.716810069682051 0.114602926736135 0.00958399613957043 14
"10469" 0.635342498004049 0.732711083647272 0.246722586378716 0.0304832967382449 19
"10470" 0.468850204713171 0.640461526499756 0.198068470202739 0.0246966986168332 8
"10475" 0.410600507725089 0.647214125539632 0.184420105035264 0.0227528488310035 8
"10503" 0.446454160897668 0.629917345019633 0.1128690112407 0.0235568434839793 11
"10509" 0.451726464257105 0.706465144638713 0.164563701698234 0.0264375218816982 16
"10510" 0.612035295469346 0.786312519575509 0.153035116294066 0.0227878191112298 20
"10517" 0.539423846069522 0.72080671670867 0.244483454676847 0.0176126873551227 13
