"drug" "test.cindex" "train.cindex" "testindex.sd" "trainindex.sd" "genecount"
"10001" 0.608882496253181 0.584862838491994 0.25594538888251 0.0453062791286166 27
"10002" 0.65304455488297 0.607979089799127 0.195325064282668 0.0389442478989857 19
"10003" 0.515223649169135 0.546973950207868 0.172040913476201 0.039134404929729 12
"10004" 0.512620380988835 0.51411023874638 0.257572896806553 0.040341194017311 49
"10006" 0.537227503272962 0.496621535138333 0.146128982993216 0.0380602727960292 69
"10008" 0.583761985747266 0.563950929705162 0.173534497066528 0.0577117748784238 115
"10011" 0.541917556390849 0.514197949689165 0.206145369467448 0.0327727659313509 151
"10013" 0.614164389545439 0.585756586382277 0.15655556073235 0.0289435633009527 59
"10014" 0.634318312051397 0.571161898063419 0.126961438041528 0.030927123107667 100
"10017" 0.673989806226131 0.560252604307744 0.174206654375804 0.0511832253235532 22
"10018" 0.615389196043919 0.557595775255808 0.121934492906708 0.0387148762783608 96
"10020" 0.614491222077782 0.577753162578421 0.180642872600141 0.0405124055852435 146
"10021" 0.645315661291341 0.584802292269295 0.155108502328623 0.0295847711319882 218
"10023" 0.55311236784276 0.495464119308997 0.152081235122292 0.0440935360786347 73
"10024" 0.574275172312891 0.574434485061975 0.190424417561696 0.0311005733578162 312
"10027" 0.588727891289625 0.557982435307797 0.115923011111182 0.0358459730274632 142
"10028" 0.647352642955376 0.55616332023741 0.149621068320101 0.0427087882459333 33
"10036" 0.658670967893164 0.582753646683716 0.142332421624864 0.0269982770183421 120
"10037" 0.540474601835194 0.519238658047084 0.25235427131063 0.0367719420900551 35
"10038" 0.582198555598522 0.568223976263301 0.259888191407826 0.0387255620708437 38
"10040" 0.606767641066581 0.577232983185214 0.110455891738436 0.0394640837500268 288
"10041" 0.537869445226256 0.524347147536638 0.200068999037091 0.0416997101356667 78
"10042" 0.646407726278088 0.622568121353481 0.150320355512463 0.0388196256336164 41
"10045" 0.625051327805943 0.5397219712484 0.15443788526645 0.0457691301204755 27
"10047" 0.527445377569971 0.516689877290372 0.163674147879433 0.0355390601704817 48
"10049" 0.616404269718223 0.58141002352225 0.198697965354168 0.0437946420035571 78
"10050" 0.700496739364261 0.628622148617259 0.122520500187501 0.032589337816466 15
"10051" 0.474499590620048 0.47178574297414 0.148102084103854 0.0410627173306351 40
"10055" 0.544287092310763 0.5340422755897 0.13572777737143 0.0214942987735976 27
"10060" 0.617758100544684 0.568859802345276 0.156174726898369 0.0457893310667805 123
"10062" 0.5672620255532 0.602196113718077 0.211187631847161 0.0279828458804621 10
"10066" 0.600003664032919 0.595820286973002 0.28671171433293 0.0426867031886912 71
"10067" 0.594980527410056 0.553403024750472 0.122273371662864 0.0242277813549351 74
"10069" 0.545724699727144 0.533315820444525 0.237161097166632 0.0287506845809922 71
"10071" 0.5539496111938 0.535440750672039 0.175143870546498 0.0351132506173601 83
"10072" 0.54569981522904 0.536606583248569 0.192187671458244 0.0389124949336407 150
"10073" 0.582867296575966 0.580296944414783 0.2188322803476 0.0436380469096004 16
"10079" 0.407236013424404 0.41643182246518 0.175924874768341 0.0510431050538199 15
"10080" 0.443787344521706 0.383071870861578 0.213762775710262 0.0314925495845794 10
"10082" 0.608016964837202 0.552684594186407 0.169675600761184 0.0258396707289127 10
"10091" 0.625889521878251 0.581894763084861 0.136558060079825 0.0258119133579053 12
"10092" 0.578741514774123 0.54210358971465 0.21649436368455 0.0436375625758972 11
"10096" 0.623873204464076 0.529288368196649 0.184548361814585 0.0442189730307743 71
"10097" 0.656927273899324 0.585892069347551 0.149437806821869 0.0222864695996506 114
"10098" 0.623520390946285 0.568511146605106 0.153798842979119 0.0407754656952489 153
"10099" 0.593618509877687 0.577249063614012 0.283731109070865 0.0353094959638076 60
"10102" 0.48870779785873 0.488287138343131 0.206412814417697 0.0516040764295761 14
"10103" 0.644494794371017 0.572744873004221 0.183152403367775 0.0348068008286571 370
"10104" 0.566119777852697 0.534854596952037 0.20485413572859 0.0317077150359588 18
"10114" 0.618154439807871 0.575859698507582 0.228056466471554 0.0462161886935163 109
"10115" 0.626173032833865 0.553119693537774 0.139788174656971 0.0344048872135064 42
"10117" 0.584583296890928 0.551614553715997 0.236398195571726 0.0522333178969311 10
"10120" 0.565359646889059 0.559866059923655 0.196286964480158 0.0351781308650542 96
"10125" 0.599263312415906 0.592671462090585 0.101596170203589 0.0350322770570681 147
"10126" 0.472724998024277 0.462802525086067 0.171737867733921 0.052129684094056 43
"10127" 0.591060804288007 0.559180785322447 0.198856827725098 0.0446953920433259 163
"10128" 0.654183521927097 0.590466660461676 0.202962673157897 0.0482907946836881 66
"10129" 0.484056720788399 0.510012414870997 0.237939657724317 0.050291065247955 32
"10130" 0.649944541184943 0.578731404813444 0.220511876747874 0.0286072525134176 26
"10132" 0.60852927216714 0.538468949233693 0.212066495136853 0.0359943809089809 96
"10133" 0.547924162967003 0.511411115210832 0.157267869437887 0.0496408910199117 36
"10135" 0.613684194950595 0.549075206528643 0.119460196673471 0.0312258007144972 108
"10136" 0.52659450423724 0.515497607221649 0.159996278322439 0.0458481606271353 40
"10138" 0.621826014753005 0.56151181566638 0.116642210525937 0.0327545971415896 150
"10141" 0.610552566783974 0.578912990614366 0.100693962687161 0.0285069103986322 262
"10143" 0.570890263261978 0.491599365344439 0.135309482239071 0.030483622384867 30
"10150" 0.608317158031203 0.571649289306011 0.169219022573598 0.0340504927534608 35
"10151" 0.621550437436513 0.573497380168238 0.179717357702366 0.035634918376789 215
"10152" 0.56188870869599 0.55129153380678 0.11996464467803 0.027760097306576 69
"10157" 0.562829718048192 0.582635161634508 0.237314413924254 0.0273129579017236 189
"10158" 0.477515182884748 0.50961694796497 0.229584089529225 0.0597805243475443 23
"10159" 0.536631786310811 0.563069240598981 0.148651194474454 0.0380521612982924 96
"10160" 0.555520120082463 0.523637414550736 0.225301930324282 0.039703101613919 10
"10165" 0.628387445887446 0.532340138348718 0.21240467067464 0.0365892942129993 70
"10166" 0.572206811269613 0.544735354354571 0.132877226086347 0.0414044400953205 120
"10167" 0.580899399436134 0.571465503125267 0.240629592802666 0.0360768898544141 78
"10168" 0.607773108509651 0.566332710953675 0.186986021257055 0.041760083652146 41
"10169" 0.545092829819768 0.581013722551065 0.235688611902334 0.0384746905168144 81
"10172" 0.492889058675157 0.423872411474701 0.174128547135716 0.0490960977044269 15
"10175" 0.620002724905732 0.572920966635109 0.200951454107892 0.0424037926490662 265
"10176" 0.582968312216833 0.563131673629809 0.167011596635021 0.040796135775679 140
"10177" 0.645369168312677 0.561875868563048 0.209739962530004 0.0363299386537101 37
"10180" 0.649088715082883 0.572988967622431 0.227934217408148 0.016011906302296 108
"10181" 0.5704519408415 0.563641517983238 0.138285002097036 0.0284873174320544 21
"10182" 0.529715071690878 0.548265201524328 0.154919864121691 0.0327117875637408 113
"10187" 0.585464877099165 0.538346066552847 0.163495392223308 0.0408820368131776 59
"10189" 0.578514042950821 0.57683014752903 0.205004841404065 0.0449131257371496 188
"10192" 0.737319314517103 0.589675404660823 0.173962074603559 0.0369634134662327 269
"10194" 0.526120669326447 0.482007420835585 0.186975758901604 0.0246710603974439 12
"10198" 0.570203200025513 0.551867424744873 0.146513412531586 0.0365992908028741 110
"10206" 0.649145267648259 0.598222852486529 0.172203872820565 0.0214829505082234 64
"10207" 0.553792613739614 0.549160203185025 0.134676780496035 0.032984402584841 148
"10209" 0.629705606740369 0.537179864506243 0.220520069178115 0.060183571295023 51
"10210" 0.59666047793203 0.584163940119916 0.251642183474578 0.0248631594356435 75
"10213" 0.635955887736784 0.598830194550512 0.153469591748054 0.033411263139627 84
"10215" 0.564170512203651 0.49485881530604 0.253743480012363 0.0441660676734398 28
"10220" 0.600972128954855 0.585659754468179 0.155828307908734 0.0322325088436935 205
"10225" 0.665927091004794 0.560921982804452 0.127369074646855 0.0178160995216552 11
"10226" 0.617365033914055 0.570658642347951 0.207057267143351 0.028420113641943 30
"10228" 0.626779892242703 0.572245754964564 0.174833359182396 0.0456149419622093 68
"10230" 0.628678125964206 0.567491138239698 0.190145936959718 0.0514131036436631 335
"10232" 0.606722403909934 0.557786077826445 0.158519215966654 0.0333927738978782 78
"10234" 0.548799119017525 0.44410177925701 0.229319440547086 0.0368039024239272 11
"10241" 0.533716474518717 0.498394776971511 0.155429359078124 0.03638204581034 23
"10255" 0.476110446696258 0.479571977061623 0.222475868890288 0.0412669244662217 64
"10263" 0.593734857319844 0.53385922172253 0.131759426947651 0.0262533532542155 11
"10267" 0.521745834648366 0.531997091801119 0.267825505912928 0.0381178882767656 14
"10270" 0.578426441817422 0.561563861676709 0.150472769069626 0.0345558293367672 10
"10273" 0.576029846712522 0.554471377749078 0.197377760257455 0.0242538431803441 18
"10279" 0.696438632445341 0.598814556073221 0.169699091581265 0.0293423648341311 13
"10281" 0.506062329113677 0.484860814916974 0.249806062990468 0.0287666676761835 13
"10282" 0.571658535890558 0.568517440534565 0.15809190473625 0.0326771996313684 13
"10284" 0.59405297946938 0.570301525065023 0.186475483598524 0.045637649034977 14
"10285" 0.564180303904393 0.560470260430753 0.18147600845357 0.0411995297634931 159
"10289" 0.565276041418899 0.511931704941845 0.174942125301405 0.0281667103897837 19
"10304" 0.653938769990918 0.588012041865557 0.209000914714238 0.0424000798549303 48
"10310" 0.531511882311194 0.542469984884154 0.253974640233892 0.0514462144998054 11
"10311" 0.599303606826167 0.592473778783103 0.166330723692453 0.0289688857379298 11
"10313" 0.525076052754661 0.558993804867496 0.25151039239568 0.0352099685444818 11
"10318" 0.55453070414326 0.491226462144398 0.198186606680794 0.0520686419143806 28
"10336" 0.546068887170582 0.549507651812733 0.169231779807915 0.0302905619323908 13
"10337" 0.447426967948442 0.504696055099254 0.225873358197825 0.0409047640179473 23
"10340" 0.57160725040919 0.556729273917632 0.184058556455247 0.0437311801460354 47
"10342" 0.531226451340868 0.50093180240595 0.202955703683976 0.0332294097091211 38
"10343" 0.556189645056911 0.5126949518402 0.181111849186136 0.0178951407346321 16
"10344" 0.60778350946054 0.598522746800716 0.129605826930685 0.026486523289673 12
"10346" 0.501997988392804 0.518394563639088 0.131978563912827 0.0511773281224745 11
"10351" 0.607840071569996 0.555422397257047 0.155707789232233 0.0377368342907181 10
"10352" 0.564639507337929 0.489918565656249 0.148790136867426 0.0255998642772059 13
"10354" 0.434936303402865 0.459838756476979 0.15272674680808 0.036026776906083 10
"10364" 0.589128175682338 0.584625026218439 0.194616521013509 0.0360928630795942 17
"10378" 0.585009879009879 0.542140922795501 0.194351274683544 0.0435069584663099 65
"10383" 0.607628001519895 0.470381822477194 0.249307979524478 0.0508711176823656 12
"10385" 0.616011933830046 0.548726511647386 0.17572466933901 0.0382431038152913 64
"10388" 0.549309226797831 0.553068501281022 0.138276991474116 0.035204400952049 14
"10391" 0.636468074317938 0.547901744964738 0.160352441217002 0.0396766598905151 137
"10393" 0.603568742581632 0.606400970643549 0.190121894698085 0.0402489843527855 26
"10394" 0.573026006023184 0.493333115253178 0.220169972754218 0.042223678190093 31
"10399" 0.532137635820701 0.535027692907568 0.268598114329368 0.0588809454920905 22
"10401" 0.565535018341274 0.52297985529532 0.123654255088704 0.0358523961201193 12
"10405" 0.619157140195008 0.54541344798726 0.150028733980829 0.0286727616754656 128
"10406" 0.530379367364662 0.571071957297478 0.189854955666946 0.0221471613220618 13
"10407" 0.476287126203808 0.498153243987402 0.201494549241086 0.0500643587735171 20
"10408" 0.510560308069205 0.536099642244572 0.16630154989021 0.0350736035380941 146
"10409" 0.56648116236439 0.604817001809383 0.249732714022649 0.0280839424187546 18
"10410" 0.604728612333263 0.551895539932365 0.180645512239605 0.0410725626348137 14
"10411" 0.554667881339626 0.541244879405433 0.216691891438873 0.0333617353374985 9
"10415" 0.523513982363335 0.452850656152512 0.206183431702325 0.0284654553592687 12
"10422" 0.522646766787152 0.517409475392717 0.231809731778021 0.0489663878080086 23
"10426" 0.589613488535355 0.527920202379044 0.111989328863769 0.033160026326158 81
"10434" 0.53363297243732 0.482334767200591 0.188790753828612 0.0296971815649852 13
"10440" 0.584985375592475 0.53880186881814 0.214353184674061 0.037631562540532 11
"10441" 0.646668935184845 0.562471976635757 0.210218490809415 0.0344368242646427 103
"10443" 0.628388462807672 0.560366011598321 0.203249544712868 0.0325089458900411 190
"10444" 0.653284998719836 0.56008283320105 0.178594984373438 0.0310974263526604 181
"10453" 0.580805742594938 0.542263349117845 0.151727588959026 0.0293048599724325 30
"10454" 0.516811020683926 0.49258613970188 0.233474034832693 0.0237463555896124 26
"10467" 0.519614726985538 0.500933071887494 0.116016154324505 0.0419741940467187 14
"10469" 0.504715458550425 0.551964899070766 0.16228310580439 0.041714861501378 19
"10470" 0.449165915852749 0.45184864997249 0.140174739465966 0.0321174195074161 8
"10475" 0.456342254987346 0.465303383745284 0.181845301342025 0.023860124299355 8
"10503" 0.43264541661982 0.398905048799447 0.179687828223274 0.04410914924636 11
"10509" 0.59699247006551 0.582813680306 0.14388817479568 0.0328628124758821 16
"10510" 0.512476517139663 0.455061047460459 0.252804524940049 0.0445186701309747 20
"10517" 0.544630507964885 0.498775737628064 0.127841356032865 0.03944482666236 13
