"drug" "test.cindex" "train.cindex" "testindex.sd" "trainindex.sd" "genecount"
"10001" 0.519833488058517 0.525134968773542 0.121279147396595 0.0303145717672401 27
"10002" 0.508448911301364 0.531107385055288 0.26742149997374 0.0355493786480905 19
"10003" 0.562108084076444 0.539635960470653 0.19732370852917 0.0375497879416891 12
"10004" 0.49638105565646 0.51976961583616 0.271802749084384 0.0399912627037386 49
"10006" 0.584760559606766 0.55991184369404 0.13107950345227 0.0428586984799654 69
"10008" 0.488691601381592 0.5376192479632 0.195866874562033 0.0598666943268331 115
"10011" 0.715840810473736 0.597305244343973 0.156083865352075 0.0200388645542779 151
"10013" 0.518101836654779 0.528081944203696 0.229481350160122 0.0401947792819468 59
"10014" 0.608081358774661 0.58531932680465 0.169930685719414 0.0279840478490649 100
"10017" 0.486408005828169 0.469522441440286 0.149901776897635 0.045250559873506 22
"10018" 0.694629535389057 0.614950019760434 0.138904628701502 0.0450364336540776 96
"10020" 0.517447154355869 0.585501408476696 0.254753832818404 0.0259314504216592 146
"10021" 0.500209790745916 0.564780388288272 0.232342994426511 0.0419680145768488 218
"10023" 0.614673933551598 0.559164712559607 0.182836671444644 0.0208889801051192 73
"10024" 0.637383795794813 0.590059937515618 0.161261248867941 0.0457579669848607 312
"10027" 0.644110889725387 0.580555329879193 0.242125355792771 0.039905270605289 142
"10028" 0.488285560469731 0.502107416754776 0.189915833564198 0.0449090714036638 33
"10036" 0.596845890375437 0.561248055886319 0.154021887204256 0.0503833691170744 120
"10037" 0.464667509649957 0.494866142798844 0.196251152199826 0.0385710568547958 35
"10038" 0.658358548826026 0.571148906415223 0.176977036631297 0.030655387303935 38
"10040" 0.63187135973075 0.555832526278676 0.1780055120068 0.033345665312467 288
"10041" 0.575743826483219 0.539615203198217 0.1671983586309 0.0465534233498963 78
"10042" 0.543939817243198 0.514169299934893 0.179089064156188 0.0368234042563612 41
"10045" 0.514736775589103 0.561011845415719 0.269003670859837 0.0467997690208508 27
"10047" 0.575447452165112 0.537048351453069 0.219487095363169 0.0389831594395785 48
"10049" 0.477150945405014 0.466103967898043 0.148562408750515 0.0414162633583958 78
"10050" 0.441759725422608 0.40734327586985 0.199064689995632 0.0352608623147546 15
"10051" 0.509941271455488 0.564038881694307 0.223582390883968 0.0463679837134366 40
"10055" 0.619461677895008 0.5289453670567 0.157230114052681 0.039146863250626 27
"10060" 0.558665782127974 0.571348340357067 0.19946410301593 0.0331365933756695 123
"10062" 0.412594350265901 0.415059514396915 0.171467891994847 0.0288860464340767 10
"10066" 0.630968758365274 0.553683436736802 0.151416540335416 0.0321312735437636 71
"10067" 0.570528703751214 0.494202756298981 0.208562005555942 0.0317721836231467 74
"10069" 0.602080252443901 0.602877714015831 0.224217921418099 0.0434583308400249 71
"10071" 0.493993625982886 0.522845706822675 0.198172726713496 0.0400058570325459 83
"10072" 0.512906730403162 0.566330504975702 0.19214885349444 0.0457729025639469 150
"10073" 0.61265478106229 0.582815785721636 0.156383732954632 0.0409399926631188 16
"10079" 0.479125654214104 0.522517846410191 0.175657982099636 0.0316736879508705 15
"10080" 0.60851541920998 0.553406022150851 0.194188004728094 0.0226545821291595 10
"10082" 0.520692564162382 0.519754997192358 0.19045528376416 0.0467475554625687 10
"10091" 0.492444383143327 0.431759368222265 0.199078940634259 0.0445484807993822 12
"10092" 0.513592243058582 0.534854290452541 0.171566362362909 0.0384686747730574 11
"10096" 0.507889190707425 0.507665945205285 0.194027862127207 0.0400305134880789 71
"10097" 0.572964802810845 0.579753558739928 0.191175053289974 0.0567176582629847 114
"10098" 0.663707019277149 0.561574586533028 0.216472037708121 0.0266905285523341 153
"10099" 0.63006236218101 0.568070372349079 0.14841348937712 0.056207725231219 60
"10102" 0.587156073806923 0.577759682489597 0.17292630777765 0.0373272125138559 14
"10103" 0.636642363249664 0.572078030136223 0.114023860399398 0.0355502615390655 370
"10104" 0.567166849485128 0.584788214656133 0.122801260640111 0.0292660263678004 18
"10114" 0.550537180728872 0.555477967333 0.134592228990302 0.0452987894631008 109
"10115" 0.399751305874113 0.461806408455219 0.262571477564156 0.047089670648022 42
"10117" 0.577581306394863 0.587322503387182 0.22449556929345 0.0373682401432663 10
"10120" 0.595554491009471 0.568290122446769 0.226659066525425 0.0380844333105181 96
"10125" 0.581290258699081 0.562459184992003 0.160691508635914 0.0333412471635538 147
"10126" 0.691954122634393 0.5825556609483 0.162672224327598 0.0350381388732179 43
"10127" 0.627843774300512 0.573932445028103 0.215881732128537 0.0386316567117516 163
"10128" 0.700488480402498 0.612660199395389 0.14008336400755 0.0297484575642803 66
"10129" 0.590289852415952 0.52503554213606 0.127685447964791 0.0477935169262244 32
"10130" 0.492074042813336 0.503423599520764 0.182917450449 0.0307719500353204 26
"10132" 0.527966032873654 0.529502683689487 0.117287624223345 0.032541059333968 96
"10133" 0.599343321734626 0.585511803650639 0.19022209003559 0.0485606308431233 36
"10135" 0.658709664216355 0.588831207168103 0.216923441665372 0.0418656324914395 108
"10136" 0.47622057279395 0.484218300372956 0.199392651596494 0.048257549477905 40
"10138" 0.609257113848009 0.556625779255944 0.183702922996956 0.0369963799779272 150
"10141" 0.626118733098949 0.57882941761513 0.142378947650351 0.040352423924497 262
"10143" 0.550136310445977 0.538438365294426 0.123911297548604 0.0465574534310191 30
"10150" 0.635236535798105 0.527550156159979 0.205829506303016 0.0708038067262325 35
"10151" 0.609870340506751 0.602347171101201 0.170478442655645 0.0202986104173004 215
"10152" 0.526454619334067 0.527885953922795 0.256168906660945 0.05197248368743 69
"10157" 0.539897663580686 0.570122422348341 0.255206856941207 0.0378526973728495 189
"10158" 0.741684529605992 0.609732903292941 0.194295266425145 0.0398196395934639 23
"10159" 0.575953518955242 0.573260428974431 0.196906113169275 0.0434579815677056 96
"10160" 0.600303678775859 0.543165305503224 0.155278028189224 0.0311665112455644 10
"10165" 0.549769344052629 0.5091756110243 0.109283933332793 0.0413499289318902 70
"10166" 0.609359083021564 0.580975995545445 0.16110700881209 0.0476614323330687 120
"10167" 0.551500815043105 0.582884715032111 0.195377256819786 0.0312335154766918 78
"10168" 0.633798035536916 0.558503169565043 0.190452132315305 0.048924858136148 41
"10169" 0.588580993180985 0.538230526351628 0.194817675131669 0.030057916479865 81
"10172" 0.688882489686771 0.631895611631827 0.152865963056717 0.0428689716733106 15
"10175" 0.628920695506089 0.587819752095694 0.205307043491459 0.0456233379072955 265
"10176" 0.594800035801687 0.558734265619863 0.25871690840955 0.0388285884119058 140
"10177" 0.461516489474365 0.481336538513137 0.0952953795809624 0.0339281221639111 37
"10180" 0.690182231503431 0.568580238642771 0.131018679204305 0.0230243015038852 108
"10181" 0.519562264422287 0.438607434136256 0.152060655646562 0.0370162398202441 21
"10182" 0.536082348646538 0.530514580102294 0.148104141925325 0.0362254595507137 113
"10187" 0.542837890190404 0.486056517384373 0.193799791051583 0.0535978415875065 59
"10189" 0.599104713655797 0.567431973062943 0.193383867732901 0.0397678259504316 188
"10192" 0.624990476311036 0.557358615245917 0.26571418406713 0.047774771404591 269
"10194" 0.457899861738933 0.462397216405633 0.211806841839854 0.0442790541608111 12
"10198" 0.592367051420466 0.563279828729272 0.23824653574816 0.0371695937858586 110
"10206" 0.513291630048668 0.483459223734246 0.166591118565151 0.0353688503458295 64
"10207" 0.574983417216312 0.569772171287944 0.238860944355234 0.0284024665525973 148
"10209" 0.626874358360565 0.579685713190669 0.100989660286492 0.0399747257292195 51
"10210" 0.577866062071937 0.569344959482726 0.120333693556359 0.0368664079712536 75
"10213" 0.543105942268154 0.563617447926887 0.246354278212212 0.0522714950004154 84
"10215" 0.420701711718416 0.426247104713614 0.138468525431021 0.061542411898471 28
"10220" 0.594824476022913 0.558904216042653 0.178142930001923 0.0378820923595379 205
"10225" 0.463112888344567 0.404173886366365 0.203117239572382 0.0279746479531165 11
"10226" 0.613143656959538 0.53354338012041 0.117828802056785 0.0264165307125481 30
"10228" 0.550620279215174 0.54502873442083 0.175712489597101 0.048402758294785 68
"10230" 0.640486649755905 0.592225299494673 0.129508436141325 0.0395684424197024 335
"10232" 0.517068491801097 0.564477219849501 0.191839733986341 0.0446409286434685 78
"10234" 0.626831182544703 0.588901671591534 0.237750045915167 0.0407900493698468 11
"10241" 0.534635153507341 0.562100382772429 0.18756756244265 0.0317438858751771 23
"10255" 0.640987638604405 0.612765707289094 0.181065568211418 0.0300364882556597 64
"10263" 0.621236640812118 0.509644915117712 0.17772719233029 0.0374233917363075 11
"10267" 0.519420359495909 0.56772044043051 0.242762078126034 0.0302864482550105 14
"10270" 0.549320945518641 0.529363629013993 0.156257206639396 0.0334309403828608 10
"10273" 0.497265274278624 0.540118436410455 0.193001369372308 0.0382694351010314 18
"10279" 0.60036758054466 0.559423919080356 0.233388282523585 0.0441474422731104 13
"10281" 0.511234102924741 0.560769557729398 0.242844569908315 0.0291058686004242 13
"10282" 0.55753117305417 0.51838421482364 0.180457220982159 0.0427336823674051 13
"10284" 0.497614740037153 0.453669372970749 0.224953950737691 0.0443101083072329 14
"10285" 0.546090938579761 0.56872604099254 0.229728635164208 0.0262263095714767 159
"10289" 0.503811492347303 0.497217349015373 0.11032791396355 0.031504889385204 19
"10304" 0.577566406364165 0.571281802772617 0.106276826272792 0.0457908263258009 48
"10310" 0.559766311640826 0.510574748816303 0.148827630940394 0.0441717234158393 11
"10311" 0.610155723563925 0.527398264385915 0.182123613967715 0.0371469371832187 11
"10313" 0.577896586146419 0.509380778203092 0.174605610776283 0.0473939347893474 11
"10318" 0.519898723605298 0.544293974867496 0.190233553148321 0.0606775407169256 28
"10336" 0.522823823708268 0.558668815744166 0.230955911558551 0.0530274246669003 13
"10337" 0.406282084771862 0.37698515417729 0.196359844695174 0.0487320720832763 23
"10340" 0.643784505455558 0.565838321004435 0.198809216110631 0.0377285661647973 47
"10342" 0.575469475573926 0.599973499370991 0.22288445935012 0.0383097281849434 38
"10343" 0.649378214003353 0.615156986368018 0.195493014477472 0.0340873339254831 16
"10344" 0.486040223056741 0.54073484199443 0.150546334070424 0.041884971317997 12
"10346" 0.607965919141227 0.584822268932269 0.162333358337792 0.0260524674034334 11
"10351" 0.580263716258696 0.502134604619732 0.144997775129263 0.0392367856088549 10
"10352" 0.538282608675095 0.545720566424429 0.147768135284585 0.0200706860633229 13
"10354" 0.572074631726133 0.56254659208507 0.106028757974868 0.0391168635227108 10
"10364" 0.611839344303849 0.571688838933413 0.234370574711994 0.0479819887743531 17
"10378" 0.628901513218086 0.588205402082427 0.141281751366509 0.0305760196375363 65
"10383" 0.554197746960158 0.517228686656265 0.22109258583564 0.0402588275895479 12
"10385" 0.550298702449462 0.519495836690532 0.18646031539882 0.0250974464388004 64
"10388" 0.539234056275119 0.532041832821541 0.0912917967909395 0.0291391320731911 14
"10391" 0.593186657508726 0.563663907978684 0.264326141671663 0.045568056865987 137
"10393" 0.695976464629362 0.561531282188875 0.228894153722201 0.0489362632502869 26
"10394" 0.590880265053068 0.567206988673599 0.176306798519522 0.0352886631965329 31
"10399" 0.515637518288564 0.550020266681029 0.219127315348076 0.0333546286389841 22
"10401" 0.50267251571702 0.469649415130456 0.0848989390135669 0.0354576484370516 12
"10405" 0.581186829647477 0.588614011429123 0.185029501814762 0.039497028456987 128
"10406" 0.701598857568114 0.580425138981541 0.129682550369918 0.0230377245410329 13
"10407" 0.546112588235626 0.562971357134439 0.23852562830289 0.0389223290928715 20
"10408" 0.587828351308288 0.560697179897422 0.2372329206145 0.0347365080358497 146
"10409" 0.449400387168765 0.494290689615364 0.201677781643164 0.0321897033096806 18
"10410" 0.563762981445803 0.556394702438706 0.254240973798563 0.0449581181297021 14
"10411" 0.538915024835653 0.493085402662488 0.222498360243314 0.0393424557859779 9
"10415" 0.435825568642692 0.488471814143884 0.265618863154374 0.053010382117561 12
"10422" 0.575068195257306 0.558496531241044 0.22786276810465 0.0356524438527606 23
"10426" 0.445091544819505 0.511136565038996 0.213857250651937 0.0590738719672789 81
"10434" 0.473835057622168 0.451076117505205 0.246290134938716 0.0432308002114023 13
"10440" 0.505803477844058 0.456970875414388 0.157324263891884 0.0234553782147751 11
"10441" 0.546772077881197 0.546267242819727 0.210080594539151 0.066433406474194 103
"10443" 0.58518538263502 0.550893074585956 0.188782087167429 0.0336983955901104 190
"10444" 0.54720705025293 0.572504412419468 0.230986898016013 0.0352754203734609 181
"10453" 0.585013763272303 0.538892009498925 0.210871967542259 0.0570829181461441 30
"10454" 0.615066710638076 0.556610202046352 0.17380403981085 0.0431340809352571 26
"10467" 0.554628447909249 0.515034848902446 0.158059728507802 0.0256799812184817 14
"10469" 0.63177550052161 0.582766902752557 0.167378633989636 0.0327296721764663 19
"10470" 0.578382250437495 0.545307070128639 0.118877749043503 0.0550383592509744 8
"10475" 0.634843395468527 0.548010656839467 0.167104901103799 0.0356211901734784 8
"10503" 0.579470141383808 0.507788641890625 0.218337095662714 0.046171261876731 11
"10509" 0.547998056535572 0.565346368178856 0.230587564683961 0.0510382915124925 16
"10510" 0.53673313674857 0.531232750055668 0.172216438523663 0.0319926124001579 20
"10517" 0.57270375108504 0.572125413988004 0.16410290934287 0.0394828977815999 13
