"drug" "test.cindex" "train.cindex" "testindex.sd" "trainindex.sd" "genecount"
"10001" 0.557042606513072 0.549636658440794 0.11874144149082 0.0340796706871271 27
"10002" 0.610753222444434 0.573492037043386 0.0885507871178284 0.0231727686267312 19
"10003" 0.60512873453276 0.590780781251486 0.0893072326427394 0.0235790482794348 12
"10004" 0.573929429037665 0.564834940068591 0.138225598756349 0.0228407790469068 49
"10006" 0.591944466608491 0.561987685094056 0.118719427281986 0.0181474474872499 69
"10008" 0.603503786265848 0.593182021923708 0.0925522725219122 0.026761824216353 115
"10011" 0.668630326832304 0.627583239013274 0.100138962781336 0.028194248987822 151
"10013" 0.556331080468899 0.563698205175129 0.124897252559078 0.0136493596739153 59
"10014" 0.598007441419865 0.589622973976291 0.134271914322947 0.0183742658112367 100
"10017" 0.527147774658873 0.53640862403698 0.147915325115604 0.0273376123690339 22
"10018" 0.585206861695899 0.596773683633943 0.120706189059167 0.0288263109870123 96
"10020" 0.626039893986439 0.585054436741251 0.133506930556455 0.0243168689733694 146
"10021" 0.634116949702474 0.626347402400842 0.12036476016866 0.0217488488430433 218
"10023" 0.612214404356764 0.610492042298682 0.102450559741132 0.019713933159178 73
"10024" 0.641735457710695 0.611809566235452 0.0640907708325369 0.0123960885331573 312
"10027" 0.672195063708686 0.628888660905472 0.108064243104596 0.0241663672221392 142
"10028" 0.577385075547272 0.541546024715573 0.157825669256629 0.0225594359927618 33
"10036" 0.608742427579107 0.596261877247887 0.146794053210019 0.0229548311903673 120
"10037" 0.631598389473007 0.602665380238198 0.128862498415501 0.0218065078331771 35
"10038" 0.610978917583514 0.603083335445807 0.0899377753520934 0.0204476637019011 38
"10040" 0.626795160228231 0.599694347431991 0.092600493723077 0.0213484169117732 288
"10041" 0.639531175293023 0.607265438056077 0.0397664277187676 0.0234043376506718 78
"10042" 0.654355829990879 0.602783157080258 0.134746204685419 0.0288628779773336 41
"10045" 0.509519567649784 0.509287796012253 0.140523735648443 0.0374898002766021 27
"10047" 0.6495441050302 0.58595665678211 0.112909478823471 0.0289821449190446 48
"10049" 0.616828690661092 0.592879217821613 0.176344470124383 0.0245068514469012 78
"10050" 0.458089154426955 0.464333265885667 0.117770041820866 0.037898156658644 15
"10051" 0.551694319054365 0.538844867340739 0.10941487482177 0.0346369868495545 40
"10055" 0.575350171761525 0.550127644509752 0.124726502032564 0.0293847313915892 27
"10060" 0.607733651005447 0.590284154206356 0.108855758011602 0.0268202018217709 123
"10062" 0.480562105401807 0.47460287823579 0.109831268699357 0.0382878641712993 10
"10066" 0.585504044482892 0.567564377167576 0.0605966021975675 0.0250818544813627 71
"10067" 0.612509918491241 0.585589567532557 0.0941937662654163 0.0254956385707238 74
"10069" 0.575057545837555 0.584155308243581 0.0755595507998653 0.0201384668273116 71
"10071" 0.639525449873769 0.62146388416073 0.114670933306684 0.0163934457803463 83
"10072" 0.611793665722186 0.600017480003288 0.124253732757533 0.0286474161237027 150
"10073" 0.589071163362276 0.572751081424281 0.0901869881411982 0.0197394425646171 16
"10079" 0.549280395314124 0.531458795444479 0.10085638676576 0.013919920421992 15
"10080" 0.530877840617763 0.549604425134591 0.139864168102061 0.0353569488328451 10
"10082" 0.560084886216408 0.539601098808383 0.192782867928752 0.0384404324628461 10
"10091" 0.511190161966318 0.49705455626329 0.161597689616968 0.0259812498077304 12
"10092" 0.554454391104583 0.540323158774704 0.156800690721572 0.0339248212460345 11
"10096" 0.636528855209584 0.612840811018908 0.16102795581124 0.0246098863591002 71
"10097" 0.61555624552839 0.587527134616366 0.125624961383307 0.0313646066336561 114
"10098" 0.601616144256429 0.588025344145603 0.053973996597432 0.0221273116897827 153
"10099" 0.591537784214621 0.601814581178299 0.0980760518263764 0.0180122591183247 60
"10102" 0.589699053621303 0.590959872276807 0.13030736776348 0.0297388031679938 14
"10103" 0.647760997368454 0.622764675102214 0.090241258121244 0.0297930906261474 370
"10104" 0.601696290010697 0.572558260409755 0.11044022692996 0.0161857167700163 18
"10114" 0.590001445151446 0.609437071530707 0.128412944543687 0.026919266346642 109
"10115" 0.560251183855381 0.545555766037576 0.0906563565595441 0.0352022380100904 42
"10117" 0.597865569206062 0.586257557300246 0.154776627788442 0.0210944434210763 10
"10120" 0.640280603865114 0.611141865124854 0.143414541207785 0.0296741850837432 96
"10125" 0.650724457658512 0.605811344160058 0.101221152444219 0.0260668939828154 147
"10126" 0.601843946913006 0.599221249423837 0.152976440492736 0.0162264795638744 43
"10127" 0.637725819256656 0.613555236604134 0.140805548667458 0.0227847967378189 163
"10128" 0.586013192070376 0.588933087444126 0.114523114295336 0.0362939279424289 66
"10129" 0.563953585380164 0.590775187720395 0.152353568344291 0.0389056987231977 32
"10130" 0.597265683579918 0.598947084730241 0.0848858044310108 0.0229947294629634 26
"10132" 0.577347148127244 0.57836855127998 0.0913025118129019 0.0321917241973991 96
"10133" 0.59313354829653 0.595904832760749 0.0831046714273714 0.0219336466961098 36
"10135" 0.605176950831243 0.60313410211183 0.121877836718815 0.016474238372771 108
"10136" 0.58647288827909 0.561370113523025 0.111503298406193 0.0343942265273008 40
"10138" 0.620841627757272 0.62784059139262 0.138557772131319 0.0252695695325688 150
"10141" 0.650101909477593 0.621899876253248 0.109811217683325 0.0251640203690962 262
"10143" 0.58982052095791 0.589744764790757 0.105504320481019 0.00952131580246339 30
"10150" 0.582070241803347 0.59416629463584 0.195037558499131 0.0279765188311514 35
"10151" 0.622979684394778 0.612024486792158 0.124970354827228 0.019888392364531 215
"10152" 0.642813281290029 0.6194589927012 0.11389789124861 0.0178252889656577 69
"10157" 0.644265998926965 0.608451856240042 0.0838084506847803 0.0259449389690917 189
"10158" 0.585393878655431 0.584687127748507 0.121660311382805 0.0175136618450227 23
"10159" 0.631172730472639 0.591697805911303 0.108298089052411 0.0265917590035094 96
"10160" 0.604559153997752 0.58780407337699 0.123421026692771 0.0235434412906496 10
"10165" 0.652680036263375 0.61354345584739 0.100823764945206 0.0162541966904973 70
"10166" 0.628112973046367 0.609817249619835 0.109110158654821 0.0221153088426506 120
"10167" 0.585351681345756 0.562398930627835 0.120033723684535 0.0237000403946239 78
"10168" 0.618752168006327 0.587733897514482 0.124484234632532 0.0244541996505674 41
"10169" 0.633487428090428 0.604663329393735 0.0953594587822604 0.015910371108216 81
"10172" 0.56016385935151 0.526600966948081 0.134761607882098 0.0146940004014938 15
"10175" 0.630196947722316 0.627793412895335 0.104583178354933 0.0297202473021477 265
"10176" 0.590882882015359 0.603041889263621 0.138102629323218 0.0193936599677484 140
"10177" 0.60316186681837 0.551879111987072 0.1202804681904 0.0275813678281672 37
"10180" 0.606095397302698 0.589798787205844 0.0882440758410004 0.0243222427809625 108
"10181" 0.616177194111803 0.575860816518405 0.0803643889136485 0.0118282826224774 21
"10182" 0.637646490603645 0.592358021156391 0.0598494719741134 0.0183000780565119 113
"10187" 0.565114423036213 0.576270363180161 0.1248476829138 0.0240312566237041 59
"10189" 0.636264431988818 0.619184078318996 0.0783042785961626 0.0350736060018272 188
"10192" 0.592716452913335 0.610594491382071 0.122668101224104 0.0226143586843668 269
"10194" 0.556199788058478 0.56596770587824 0.105037387198662 0.0158746252834785 12
"10198" 0.633945593598773 0.595243996438017 0.0851141065521451 0.0237734003878821 110
"10206" 0.614948344126142 0.597843140685198 0.121608092635436 0.0284720776559923 64
"10207" 0.632443327401476 0.608833698292798 0.0815556483343423 0.0258726749882386 148
"10209" 0.657623842749804 0.650175195513001 0.103585082969303 0.0219924859804153 51
"10210" 0.570866479134095 0.594681734171133 0.17997624552427 0.0213561865818826 75
"10213" 0.603188499722027 0.580558225582894 0.106264579868821 0.0237986241767477 84
"10215" 0.554949431541288 0.531634882693754 0.151274204163073 0.0339585668807303 28
"10220" 0.654980969853711 0.628397647504294 0.103141424813231 0.0221604541685947 205
"10225" 0.572898099309639 0.508557323131861 0.0835666821359469 0.0298004942036947 11
"10226" 0.582079153651413 0.588509513724528 0.130001545895238 0.0254732835244941 30
"10228" 0.561265227946799 0.566811940606208 0.132451333567971 0.0195384669753218 68
"10230" 0.634198146402779 0.608751589025427 0.129705398581472 0.0279241408419269 335
"10232" 0.579535188638466 0.613850171685042 0.144992005096591 0.0148237861016732 78
"10234" 0.581483553641708 0.546649777484949 0.147907104943596 0.0290068774121683 11
"10241" 0.544863315422039 0.540352731108572 0.11463687423027 0.0213171710282087 23
"10255" 0.647919036687195 0.621947834651787 0.136436917635435 0.0150820060965661 64
"10263" 0.613944720190354 0.579008302858295 0.0782448013675347 0.0161136434950117 11
"10267" 0.632141982884026 0.587923868219539 0.119157337460378 0.0370343060761615 14
"10270" 0.569493185854359 0.557807338731871 0.123496045943314 0.0248770941585407 10
"10273" 0.60559519874509 0.565990152915939 0.146307853751653 0.0255766145126562 18
"10279" 0.601475067413183 0.579869212740575 0.116052709584583 0.0143685204241043 13
"10281" 0.615282904510157 0.588775578532732 0.125113307060616 0.0273140898726085 13
"10282" 0.598220812830129 0.54120779156274 0.103832885759952 0.0281125119197418 13
"10284" 0.522760803506573 0.503476471592504 0.142055761321143 0.0308090715626687 14
"10285" 0.618213137982612 0.594249997209873 0.135787885563266 0.0282633912434595 159
"10289" 0.56980692818829 0.5426018540156 0.112959533518806 0.0309206945733597 19
"10304" 0.550320382586674 0.537604798870565 0.0667053303396433 0.021687265901422 48
"10310" 0.585558874438628 0.572428456746379 0.126805389395469 0.0177011182139985 11
"10311" 0.624140451663052 0.583737288365352 0.0473953629251571 0.0246113347938819 11
"10313" 0.599787755833234 0.573298688652204 0.129908758931484 0.0336512184140711 11
"10318" 0.55686674430244 0.564951887827716 0.158917664194395 0.0405867160231092 28
"10336" 0.650184622095722 0.602647676710293 0.101657198321637 0.0248352592988497 13
"10337" 0.561471599701187 0.52227783841661 0.134769334284948 0.0274359113306849 23
"10340" 0.544839036851835 0.580758854908192 0.144131685610271 0.0204099590445279 47
"10342" 0.575904514285053 0.585916144056984 0.0945635517568365 0.0334866868671976 38
"10343" 0.614133339911881 0.617910555311572 0.104475251973504 0.0360096253410774 16
"10344" 0.585673131636607 0.565043253156212 0.104514444749471 0.0166482949138354 12
"10346" 0.604022875333522 0.590040069399417 0.14438918983389 0.0315918902041493 11
"10351" 0.531877816981539 0.532163993060971 0.129571261495964 0.028852770139426 10
"10352" 0.605819561179335 0.582536625125677 0.110787631689446 0.0216684445529573 13
"10354" 0.564026705566078 0.570517903766955 0.106383165479451 0.0271775875058728 10
"10364" 0.612487445353757 0.575107474770959 0.118806099428292 0.0307229971169704 17
"10378" 0.571387845221827 0.582424717651753 0.0815750681889165 0.0237218798540405 65
"10383" 0.642545818176475 0.626310369816757 0.0965486193662341 0.0223416336479606 12
"10385" 0.661348108825945 0.627202518234035 0.100595628905629 0.015998796915842 64
"10388" 0.608068825018761 0.607664326455735 0.127731784847821 0.0212480482668127 14
"10391" 0.639121049872081 0.598127078761517 0.0893048734762879 0.022893760616298 137
"10393" 0.616158295326988 0.57875637450936 0.145457621366434 0.0301904555080737 26
"10394" 0.630652513722535 0.613729165759756 0.153617174495834 0.0184209019568046 31
"10399" 0.587167456454167 0.565926504707985 0.0774934411078868 0.0262479780876853 22
"10401" 0.615220179707156 0.593716446596903 0.140025528467306 0.0273547377141554 12
"10405" 0.608364573979801 0.593336185036274 0.0984257291500028 0.0167876572622288 128
"10406" 0.658992536522422 0.593808127674132 0.110743380196904 0.0202978427563464 13
"10407" 0.552651080015804 0.534810216641681 0.113155083176306 0.0207675150319586 20
"10408" 0.615192737318867 0.61873099881868 0.123168273822093 0.0282145559424972 146
"10409" 0.482927322111798 0.497188855610768 0.130978044601702 0.032814335286235 18
"10410" 0.544778048697469 0.578920881674323 0.212673812644854 0.0144290470583056 14
"10411" 0.542503208848255 0.538763659868618 0.116760082035601 0.0267020412771496 9
"10415" 0.487776561397849 0.467453251054608 0.099444629849628 0.0209072492827887 12
"10422" 0.642562723537174 0.603422839820045 0.0862791062164035 0.0190139285106384 23
"10426" 0.654230050311477 0.609222176597652 0.0819078977853793 0.0225122830121257 81
"10434" 0.510124669502745 0.516712450542497 0.130245134793232 0.0179765345362324 13
"10440" 0.49468454548757 0.512914992554912 0.14830396650669 0.0271908267225762 11
"10441" 0.61679156186341 0.587873088018084 0.142750966238126 0.0291163026033737 103
"10443" 0.607886704028396 0.599146708683645 0.159693588134195 0.0338375387938359 190
"10444" 0.580439320009728 0.600658409078484 0.120699385328353 0.0349477804484476 181
"10453" 0.601961376793434 0.601997491781266 0.09370503114579 0.0254097442832169 30
"10454" 0.609945707559876 0.571840741037524 0.100140824258911 0.0302234046525999 26
"10467" 0.555837875940124 0.585176156330273 0.134792513579878 0.023527019823656 14
"10469" 0.59786806805086 0.563576207092713 0.159730491892629 0.0241802670097547 19
"10470" 0.503693656947525 0.504353356417117 0.111055987504465 0.0272692824348383 8
"10475" 0.519299225931463 0.504825451478267 0.110551725595525 0.0246722989177852 8
"10503" 0.553444580160124 0.541956789073549 0.15513037849679 0.0253838136221959 11
"10509" 0.6187943403375 0.605010012362234 0.0903229828852039 0.0364226249908005 16
"10510" 0.575321215747604 0.53436017545941 0.0746993031645157 0.020203318565954 20
"10517" 0.533535806927673 0.531881169093885 0.114079518840948 0.022549280163819 13
