"drug" "test.cindex" "train.cindex" "testindex.sd" "trainindex.sd" "genecount"
"10001" 0.459055213669094 0.670146592541924 0.184960722980804 0.0147710064191076 27
"10002" 0.512858888568478 0.64014861947314 0.139576519145763 0.0145129832373334 19
"10003" 0.514280178329149 0.607627258860671 0.135063446853392 0.0174450650073461 12
"10004" 0.545225072557951 0.772797742060317 0.171270657442046 0.0127033321668633 49
"10006" 0.522198726032462 0.724483125251519 0.122784391556547 0.0118289528776448 69
"10008" 0.597253210579755 0.857928581911065 0.176871873157573 0.0163021023132575 115
"10011" 0.656755810715135 0.929733217939258 0.115937208822583 0.0152310725888696 151
"10013" 0.53891389475638 0.763038550693475 0.140897558240845 0.00956709237402828 59
"10014" 0.616171310766642 0.852513898463557 0.106048191446398 0.0100309948325847 100
"10017" 0.532996667612401 0.639075573914159 0.152471178111731 0.0231173380161996 22
"10018" 0.580202572984908 0.817812002383121 0.112743826123519 0.0122288458061494 96
"10020" 0.5751347259448 0.932517162867278 0.110081132068265 0.0110003606298211 146
"10021" 0.598281859146434 0.926253572602227 0.145136175693333 0.0426478166718457 218
"10023" 0.579231896587772 0.804740169223932 0.147090665987137 0.0176971770732178 73
"10024" 0.599923559765403 0.952950922194544 0.143277528940077 0.0140357046789321 312
"10027" 0.577254105164394 0.894659373818336 0.123322293307968 0.0375898755438116 142
"10028" 0.584096395532081 0.691372115871843 0.0860579814281623 0.0202602350473857 33
"10036" 0.6038319924024 0.872932184189409 0.120552182008548 0.00873286935512186 120
"10037" 0.613798665146292 0.72578531322067 0.0980690883397042 0.0119173297067118 35
"10038" 0.565464351831633 0.731288696337439 0.105053205859072 0.0154250248474167 38
"10040" 0.550619891846088 0.924211149259553 0.120707894757373 0.0186278822059031 288
"10041" 0.698354486474445 0.850032628589981 0.08845886993474 0.00917231001098888 78
"10042" 0.595750647829695 0.731828393968341 0.15016526785335 0.0121029575769359 41
"10045" 0.517834971949501 0.659906316079861 0.116264705164635 0.0230522094343103 27
"10047" 0.62193837350583 0.762571524860125 0.144472151239247 0.0138269418041961 48
"10049" 0.54821740395722 0.801240949042881 0.103743991967887 0.0128096920079399 78
"10050" 0.540583166697736 0.592715038106621 0.180375415039965 0.0244715850756227 15
"10051" 0.488389957598016 0.69158773011294 0.130202380529927 0.0175875195343488 40
"10055" 0.533844451970341 0.667496762712221 0.0753151187037069 0.0092926176430804 27
"10060" 0.618344926266237 0.881429762961343 0.139640835601237 0.0174725849083599 123
"10062" 0.485145683895969 0.587002938426923 0.118041597555403 0.0136748339323886 10
"10066" 0.54872524382235 0.776285015862937 0.122261445380434 0.0131104499798216 71
"10067" 0.520430263188494 0.789172159730821 0.105049774170321 0.0138342021855171 74
"10069" 0.580167982046401 0.812381695230242 0.142606661336632 0.0120185751541945 71
"10071" 0.568246055244511 0.822016145058827 0.1179634300516 0.0113288209589006 83
"10072" 0.589072839416593 0.919274610788782 0.133245314025862 0.025169525665057 150
"10073" 0.574380669732105 0.649103648717359 0.150108904646724 0.018951082642863 16
"10079" 0.509056216930354 0.604659575772316 0.127265808487712 0.0137655606939482 15
"10080" 0.568670450741694 0.607065557127139 0.12086956804839 0.0164732430996215 10
"10082" 0.457723125040732 0.591439094393534 0.124967661428963 0.0179520598923279 10
"10091" 0.507097294521536 0.583974228715747 0.121681431099204 0.0127662426573802 12
"10092" 0.542877759001801 0.606348382438883 0.112834271512691 0.0134765416184792 11
"10096" 0.654078795680525 0.812128501034595 0.161687426619493 0.013053572990951 71
"10097" 0.56035198594826 0.837846230032555 0.129916115361522 0.0172486716825077 114
"10098" 0.651691657984937 0.939059559618198 0.131105939605608 0.0125350646736524 153
"10099" 0.57391724813661 0.753900668169649 0.12661970036976 0.0205223611203874 60
"10102" 0.574387083012001 0.641435244321134 0.121829830400409 0.0224929066216066 14
"10103" 0.520573191055288 0.969920741203559 0.0521904789757494 0.00708048816258879 370
"10104" 0.569971103742273 0.620729998305264 0.16601895790321 0.0159033488275928 18
"10114" 0.535124331110016 0.864537264569225 0.178664393135308 0.00855304521957548 109
"10115" 0.547950427280785 0.72696192852533 0.114315477728019 0.0167891273251341 42
"10117" 0.541826207892361 0.626114331861787 0.111320561654709 0.0109917366673603 10
"10120" 0.549046101535839 0.819120637628481 0.131017381531601 0.0122257595461788 96
"10125" 0.512010233799715 0.910884340584485 0.143222839180912 0.0212085014642989 147
"10126" 0.616520014268099 0.75533012418926 0.148523544297924 0.0139463139679134 43
"10127" 0.460426389277298 0.914263483307929 0.152138414525533 0.016408669481654 163
"10128" 0.570432698935429 0.79594118303867 0.0922801400623776 0.00938088997940355 66
"10129" 0.545764227767484 0.698633225446493 0.115803941576005 0.0192278301799186 32
"10130" 0.500726324744985 0.655151935714439 0.170221674172804 0.0167886694039732 26
"10132" 0.565122114544106 0.832988119233251 0.132206060679502 0.014576129225256 96
"10133" 0.632721430788168 0.727322847808395 0.107167269329668 0.0094871275017602 36
"10135" 0.618083066334848 0.877365783991101 0.0939640605989112 0.0118395903914316 108
"10136" 0.534896449083701 0.717492969329896 0.119076223929001 0.0155202291580392 40
"10138" 0.579479555347427 0.914792381470514 0.0964175564033251 0.00983616288063051 150
"10141" 0.574079690271286 0.925844155230312 0.131143121325022 0.0264069804805228 262
"10143" 0.587818195824288 0.699881534697047 0.12156206099865 0.0111426504867917 30
"10150" 0.590222125684934 0.699463952534596 0.067671884606844 0.0127672753469447 35
"10152" 0.583195971421357 0.816784255265206 0.0858578620195458 0.0128159944926461 69
"10157" 0.519999724798762 0.905938296631173 0.148194401717656 0.0448623496781879 189
"10158" 0.615335736926331 0.681512982116846 0.0889409057315323 0.0136227545724316 23
"10159" 0.57635185969431 0.853514629402777 0.111529939604939 0.00369097241674735 96
"10160" 0.631615615414219 0.674000515188539 0.149344357109943 0.0134592065914951 10
"10165" 0.506871119490122 0.807877050753738 0.151828209582708 0.0100738965527731 70
"10166" 0.615190491181723 0.88527368137812 0.131788360566995 0.0129536716583207 120
"10167" 0.548413201927268 0.804825894977067 0.137071616621757 0.0160504499708238 78
"10168" 0.482554355606151 0.684712788841863 0.111054546450937 0.0105715001062415 41
"10169" 0.541883239794689 0.811816527272933 0.133721442828441 0.0124847787289717 81
"10172" 0.53475276210903 0.632726619865502 0.155970379100101 0.0208913440278375 15
"10175" 0.581526594315485 0.958775082627833 0.124961075375009 0.0432113617997124 265
"10176" 0.649832548922594 0.9153986816048 0.0862892511089918 0.00906897791450061 140
"10177" 0.429600261282566 0.667085305048192 0.181115896548017 0.0212662700334325 37
"10180" 0.596369918797169 0.863676344882348 0.0971326314866628 0.0146873113215578 108
"10181" 0.543597822142654 0.687604939425057 0.096631847119498 0.0147609987475948 21
"10182" 0.58875582812307 0.861582863842072 0.148088765184651 0.0143508915403103 113
"10187" 0.49247052790366 0.726089806076174 0.120271433484204 0.0158662199651161 59
"10189" 0.500746538215621 0.979754900699683 0.102660903852693 0.00781524749807993 188
"10192" 0.521290678242491 0.923962722331448 0.0828973945435699 0.068494803551977 269
"10194" 0.58458719313961 0.664353314549534 0.149806623780153 0.0100507623889684 12
"10198" 0.558738565323797 0.861802659430072 0.0988557160141665 0.0132134039493788 110
"10206" 0.549241415747292 0.749874526506556 0.118826586848766 0.00857053054006165 64
"10207" 0.60709608919458 0.91960666737456 0.113614937649189 0.0356833318715713 148
"10209" 0.624478596456309 0.774686500459553 0.0948490254419596 0.00993624933286279 51
"10210" 0.608352687642046 0.777722709343926 0.15808752121838 0.0176044223434488 75
"10213" 0.60605036334502 0.806030735959147 0.14580962345593 0.0163839533737016 84
"10215" 0.508633305125504 0.664111133655851 0.126722585287691 0.0147325793143934 28
"10220" 0.546929832541456 0.956654330154288 0.147515228889928 0.0441912093156627 205
"10225" 0.526570415352882 0.600280551900239 0.198198559447681 0.0233306970538201 11
"10226" 0.567713084694573 0.679782615256031 0.113901439064015 0.0151431208762768 30
"10228" 0.523599862083771 0.769484172359285 0.10411046876972 0.00837898621554271 68
"10230" 0.548001382077737 0.955559434488774 0.12988324780642 0.0173225978700872 335
"10232" 0.590880891852469 0.818300494293963 0.134041758182485 0.0163786407215896 78
"10234" 0.524408412754159 0.631551498124622 0.0552634072473903 0.0166461086550628 11
"10241" 0.61563331476973 0.677760012744571 0.120408656977817 0.0173761242006535 23
"10255" 0.589520313757297 0.82010424866071 0.119885890437078 0.00949467658674512 64
"10263" 0.48915465740118 0.608503913995543 0.155600006281975 0.0153078946128178 11
"10267" 0.599201934645811 0.673709995661173 0.0919078262737301 0.0157130082298018 14
"10270" 0.50867108188462 0.599972293835304 0.104875457907101 0.0137954382692001 10
"10273" 0.583549802293988 0.649903869282395 0.146427537271632 0.0174436796888405 18
"10279" 0.497689070021395 0.627511303125391 0.169747252357884 0.0155003131939724 13
"10281" 0.538308780786531 0.637069109641077 0.130320149195813 0.0154632530797919 13
"10282" 0.513388201778134 0.61271346979286 0.109770373524973 0.0136632077624786 13
"10284" 0.480081971835777 0.607936649332904 0.13451330661242 0.010896635969544 14
"10285" 0.596543743786016 0.933634557733834 0.151767857806706 0.0253034259114517 159
"10289" 0.511583947828032 0.629748177433886 0.0535954930519156 0.00820381348171701 19
"10304" 0.48706804267845 0.696824090016642 0.151336128764666 0.0193040066958887 48
"10310" 0.494130075494818 0.609489975566164 0.149030009715725 0.0159934667842347 11
"10311" 0.518319248697092 0.619975805182765 0.104920782352389 0.0149296457851163 11
"10313" 0.521453096197207 0.611330144412783 0.107784191392084 0.0200898844012914 11
"10318" 0.578458515677751 0.675250784431141 0.122488342524697 0.0160082337194462 28
"10336" 0.568297608786009 0.687807622812045 0.131467720273984 0.0190440280467446 13
"10337" 0.552541450343309 0.640815366893649 0.159343899703914 0.0191101028520599 23
"10340" 0.569510834577656 0.736457062037248 0.143099256668754 0.0121021674404171 47
"10342" 0.49500622526106 0.723452136784509 0.134336574385191 0.0143033020876898 38
"10343" 0.519467140426463 0.633748873689954 0.107681151337719 0.0203670367707308 16
"10344" 0.634643625396767 0.657194546840923 0.135089254416068 0.0201469459218715 12
"10346" 0.562099966942369 0.653778664383709 0.12504821493542 0.0178583089136169 11
"10351" 0.60422472130448 0.656137933373225 0.0740625433925167 0.0129402138202196 10
"10352" 0.54854852819216 0.635086392947097 0.139647618523709 0.0105522976321353 13
"10354" 0.540825913932147 0.632312569479164 0.126037325750085 0.0215628143891308 10
"10364" 0.512594244296489 0.628027708794696 0.0704693136744131 0.012056272595829 17
"10378" 0.596227497694926 0.792309392248183 0.134254504867287 0.0183509332358743 65
"10383" 0.643414292759613 0.697180523485377 0.0868225807439003 0.00610766258467008 12
"10385" 0.56553119573475 0.799510955988186 0.151941911558061 0.0132368359993802 64
"10388" 0.609860434667404 0.661854609857799 0.126185295475273 0.0124277983731486 14
"10391" 0.611305008257386 0.908257193313079 0.126369323167462 0.0295887384255801 137
"10393" 0.515543161141604 0.682452865057775 0.113484777184024 0.0171365124710892 26
"10394" 0.609635736538223 0.754872548734927 0.12015609709861 0.0120627759537883 31
"10399" 0.603983983722064 0.706141360157234 0.0682330232444843 0.0114765755858853 22
"10401" 0.563346275391024 0.624272537223798 0.0890193282945807 0.012899740616284 12
"10405" 0.604230273639699 0.891918229691888 0.116230540350425 0.0114654351118679 128
"10406" 0.593250347602897 0.688359713838713 0.139216878669933 0.00964608042409419 13
"10407" 0.61221908353413 0.688735361029732 0.145206772718831 0.0124147519863485 20
"10408" 0.662091526783338 0.917137790497563 0.136386208930359 0.0259488459170095 146
"10409" 0.520777351231492 0.63065190158696 0.139097989855795 0.0152986969986589 18
"10410" 0.603065190113678 0.665466073910031 0.124020139048348 0.0104344153804163 14
"10411" 0.485193498575302 0.581517783551581 0.132486660858718 0.0192147814977484 9
"10415" 0.487681822907856 0.547781546328751 0.108970231520109 0.0222089851341367 12
"10422" 0.572137986973585 0.701968585045761 0.106172362683229 0.0104161114645548 23
"10426" 0.557279441088881 0.81999292035961 0.122067063587371 0.00848456008776202 81
"10434" 0.532888328174702 0.643090940903379 0.0909327499477365 0.010176482574738 13
"10440" 0.560205171400574 0.609071412013863 0.133807632711216 0.0123427495550839 11
"10441" 0.609679254803248 0.870987774818719 0.0993298144692676 0.0106714198598914 103
"10443" 0.573911060512382 0.910272787319153 0.167197780483635 0.0382283111268655 190
"10444" 0.653288944150345 0.905615020545549 0.150612822544429 0.0514528058170642 181
"10453" 0.558902365629584 0.694613993858985 0.0912654218411674 0.0133470819710788 30
"10454" 0.540569181848924 0.63186676729396 0.135777424704798 0.0198987144485508 26
"10467" 0.515826158697906 0.614211025012207 0.125427292509188 0.0132825845192266 14
"10469" 0.535862047034427 0.628304738655919 0.133562310355865 0.0193514745440688 19
"10470" 0.556116769139779 0.592960082477053 0.0837449104627675 0.0126815158643377 8
"10475" 0.517123061325699 0.589603865448844 0.159710037480494 0.0192302423965992 8
"10503" 0.564168007263042 0.627544635266528 0.129747224136119 0.020072369478548 11
"10509" 0.533106748326084 0.632504591364871 0.116728775104559 0.0247074917573986 16
"10510" 0.507378594708588 0.630979471759581 0.150692368116828 0.0168292690946177 20
"10517" 0.567611804549131 0.600362976390774 0.121327481334352 0.0219160729135664 13
